307 347 
305 348 
233 361 
231 361 
223 361 
211 361 
204 361 
182 358 
179 358 
169 356 
164 355 
162 354 
159 354 
157 353 
149 351 
146 350 
144 349 
141 348 
138 347 
136 346 
133 345 
130 344 
128 343 
125 342 
122 341 
115 337 
112 336 
102 318 
101 315 
99 314 
98 311 
98 308 
97 305 
95 303 
94 301 
93 298 
92 296 
92 292 
91 290 
90 287 
88 280 
86 272 
85 266 
84 264 
84 261 
83 258 
83 256 
83 254 
81 243 
81 241 
81 238 
81 232 
80 227 
80 225 
80 222 
80 219 
80 216 
80 214 
80 211 
80 208 
80 206 
81 203 
80 201 
81 198 
81 195 
82 187 
82 182 
72 176 
82 173 
68 168 
85 171 
87 169 
89 167 
101 158 
90 150 
91 147 
91 143 
108 150 
110 148 
112 147 
113 145 
119 139 
122 136 
124 134 
125 132 
117 86 
120 84 
120 80 
123 77 
126 75 
150 106 
153 102 
155 99 
156 97 
158 95 
160 92 
161 90 
164 88 
152 65 
165 85 
155 64 
167 81 
311 53 
374 151 
375 154 
381 179 
382 184 
383 192 
384 194 
385 197 
385 200 
385 203 
70 173 
328 70 
76 174 
125 76 
169 76 
121 82 
166 82 
338 82 
88 155 
88 169 
88 281 
117 88 
163 88 
342 88 
94 135 
94 164 
94 300 
159 94 
346 94 
100 120 
100 158 
100 315 
110 100 
154 100 
350 100 
106 107 
106 152 
107 106 
149 106 
354 106 
112 96 
112 146 
104 112 
144 112 
357 112 
118 140 
118 339 
101 118 
139 118 
124 76 
124 134 
124 342 
133 124 
363 124 
130 127 
130 344 
128 130 
366 130 
136 121 
136 346 
94 136 
122 136 
142 114 
92 142 
116 142 
371 142 
148 107 
148 350 
90 148 
110 148 
373 148 
154 65 
154 100 
154 352 
88 154 
104 154 
375 154 
160 65 
160 93 
160 354 
98 160 
377 160 
166 67 
166 355 
67 166 
91 166 
378 166 
172 73 
172 357 
380 172 
83 178 
381 178 
382 184 
383 190 
81 196 
384 196 
202 361 
80 202 
385 202 
208 361 
80 208 
80 214 
80 220 
80 226 
232 361 
81 238 
81 244 
82 250 
83 256 
84 262 
85 268 
87 274 
88 280 
90 286 
91 292 
93 298 
95 304 
310 347 
98 310 
379 310 
316 344 
101 316 
371 316 
322 342 
103 322 
328 340 
327 340 
346 94 
311 346 
352 102 
293 352 
358 113 
265 358 
364 124 
370 137 
376 155 
382 180 
388 208 
388 303 
394 209 
394 297 
400 209 
406 208 
128 71 
98 124 
96 127 
94 132 
85 159 
83 164 
81 191 
362 121 
360 119 
360 116 
355 109 
344 93 
340 86 
348 97 
336 79 
329 73 
332 75 
324 66 
319 62 
316 58 
313 55 
332 338 
337 335 
342 333 
347 330 
351 327 
358 324 
362 321 
366 319 
297 350 
301 350 
288 353 
282 354 
275 356 
279 355 
272 356 
267 357 
260 358 
255 359 
250 360 
245 360 
239 360 
219 361 
193 359 
198 360 
189 359 
187 359 
104 327 
105 331 
