394 227 
230 369 
227 369 
224 369 
222 369 
219 369 
217 369 
214 369 
212 369 
209 369 
163 361 
161 360 
99 314 
98 310 
97 308 
97 305 
95 302 
95 300 
94 297 
93 294 
93 292 
91 289 
91 287 
91 284 
90 281 
89 276 
88 274 
87 271 
87 269 
87 266 
86 263 
86 261 
85 258 
85 255 
85 252 
85 250 
84 248 
84 245 
83 242 
83 240 
83 238 
83 235 
83 232 
83 230 
83 227 
83 225 
83 222 
83 219 
83 217 
83 214 
83 211 
83 209 
83 207 
84 204 
84 201 
84 198 
85 197 
85 194 
85 191 
86 186 
86 183 
85 174 
89 173 
70 166 
91 171 
69 163 
95 170 
68 159 
69 156 
70 150 
104 163 
92 157 
71 147 
106 161 
93 155 
71 144 
108 159 
72 140 
110 158 
95 149 
95 146 
114 155 
97 144 
116 153 
99 139 
119 149 
121 148 
123 146 
125 145 
127 143 
87 112 
128 141 
130 140 
132 139 
107 117 
133 137 
135 135 
136 134 
139 133 
113 107 
114 105 
144 127 
145 125 
146 123 
148 122 
150 120 
152 119 
126 84 
154 117 
128 81 
155 115 
157 113 
132 75 
158 111 
160 110 
137 71 
161 108 
163 106 
165 104 
167 102 
168 100 
170 98 
172 96 
173 93 
175 91 
164 64 
177 88 
168 64 
178 85 
171 64 
180 82 
174 65 
182 70 
324 63 
384 183 
385 189 
386 194 
387 202 
389 213 
389 222 
70 151 
182 71 
76 175 
182 77 
336 77 
82 176 
127 83 
179 83 
341 83 
88 273 
123 89 
176 89 
345 89 
94 151 
94 170 
94 297 
119 95 
172 95 
350 95 
100 165 
100 315 
115 101 
167 101 
353 101 
106 119 
106 161 
113 107 
162 107 
112 108 
112 156 
109 113 
157 113 
360 113 
118 97 
118 151 
107 119 
151 119 
124 87 
124 145 
145 125 
130 139 
101 131 
139 131 
136 71 
136 134 
99 137 
133 137 
371 137 
142 128 
71 143 
97 143 
126 143 
374 143 
148 122 
148 356 
70 149 
95 149 
120 149 
376 149 
154 65 
154 116 
154 358 
69 155 
93 155 
113 155 
378 155 
160 64 
160 110 
160 360 
69 161 
91 161 
106 161 
379 161 
166 64 
166 103 
70 167 
172 65 
172 95 
178 67 
178 85 
86 185 
85 191 
85 197 
84 203 
208 368 
83 209 
214 369 
83 215 
220 369 
83 221 
226 369 
83 227 
394 227 
83 233 
83 239 
84 245 
85 251 
85 257 
86 263 
87 269 
88 275 
89 281 
91 287 
93 293 
95 299 
97 305 
310 355 
99 311 
101 317 
328 348 
340 82 
346 89 
331 347 
352 98 
316 353 
358 109 
296 359 
364 120 
270 365 
370 133 
376 149 
382 169 
394 226 
400 225 
103 125 
103 123 
89 166 
86 178 
97 167 
78 175 
73 173 
72 171 
105 328 
104 325 
102 322 
107 332 
110 337 
114 343 
118 344 
121 346 
124 347 
128 349 
133 351 
137 352 
140 353 
145 354 
157 360 
167 362 
391 227 
397 227 
404 225 
408 225 
389 217 
388 209 
387 206 
387 199 
384 179 
382 175 
380 164 
382 172 
367 126 
369 130 
365 122 
362 115 
356 105 
333 73 
145 60 
150 65 
113 84 
111 86 
108 89 
106 91 
104 92 
102 95 
99 97 
97 100 
94 103 
84 115 
78 126 
74 134 
99 133 
116 82 
117 81 
170 364 
174 364 
177 365 
181 365 
184 365 
188 367 
191 367 
194 368 
198 368 
201 368 
235 369 
239 368 
242 369 
245 369 
247 369 
250 369 
254 368 
257 368 
260 367 
262 367 
267 366 
273 364 
278 364 
281 363 
285 363 
289 361 
291 361 
298 358 
302 358 
304 356 
307 357 
319 351 
324 350 
336 345 
341 342 
342 341 
346 340 
350 337 
354 335 
358 333 
362 331 
363 329 
367 327 
371 325 
374 323 
377 321 
314 353 
294 359 
204 368 
151 358 
383 316 
380 319 
387 313 
390 309 
393 307 
395 304 
400 300 
121 78 
109 341 
104 338 
99 336 
96 333 
92 331 
86 327 
88 329 
82 324 
77 321 
74 319 
72 316 
69 313 
64 309 
59 305 
373 140 
375 146 
377 153 
379 158 
385 187 
407 274 
408 269 
411 238 
409 263 
411 245 
411 232 
411 217 
410 208 
409 198 
408 191 
410 204 
410 257 
411 214 
398 169 
396 163 
394 156 
387 137 
384 129 
376 114 
380 122 
372 107 
369 103 
391 146 
393 153 
390 142 
383 127 
410 252 
367 99 
399 175 
411 235 
411 241 
410 249 
409 260 
408 267 
406 277 
405 283 
403 293 
378 118 
374 110 
385 133 
152 53 
157 48 
343 86 
339 80 
348 92 
62 308 
66 311 
80 322 
410 227 
182 75 
121 92 
110 110 
101 128 
72 137 
89 108 
91 106 
145 67 
129 78 
139 68 
142 64 
148 57 
154 50 
150 54 
159 46 
395 160 
392 149 
382 125 
411 222 
397 166 
398 173 
388 140 
328 68 
330 71 
327 67 
